# Etrue_lo Etrue_hi Ereco_lo Ereco_hi P(Ereco|Etrue)
1.00000000e+04 1.41253754e+04 1.00000000e+04 1.41253754e+04 6.61088856e-01
1.00000000e+04 1.41253754e+04 1.41253754e+04 1.99526231e+04 3.38911144e-01
1.00000000e+04 1.41253754e+04 1.99526231e+04 2.81838293e+04 0.00000000e+00
1.00000000e+04 1.41253754e+04 2.81838293e+04 3.98107171e+04 0.00000000e+00
1.00000000e+04 1.41253754e+04 3.98107171e+04 5.62341325e+04 0.00000000e+00
1.00000000e+04 1.41253754e+04 5.62341325e+04 7.94328235e+04 0.00000000e+00
1.00000000e+04 1.41253754e+04 7.94328235e+04 1.12201845e+05 0.00000000e+00
1.00000000e+04 1.41253754e+04 1.12201845e+05 1.58489319e+05 0.00000000e+00
1.00000000e+04 1.41253754e+04 1.58489319e+05 2.23872114e+05 0.00000000e+00
1.00000000e+04 1.41253754e+04 2.23872114e+05 3.16227766e+05 0.00000000e+00
1.00000000e+04 1.41253754e+04 3.16227766e+05 4.46683592e+05 0.00000000e+00
1.00000000e+04 1.41253754e+04 4.46683592e+05 6.30957344e+05 0.00000000e+00
1.00000000e+04 1.41253754e+04 6.30957344e+05 8.91250938e+05 0.00000000e+00
1.00000000e+04 1.41253754e+04 8.91250938e+05 1.25892541e+06 0.00000000e+00
1.00000000e+04 1.41253754e+04 1.25892541e+06 1.77827941e+06 0.00000000e+00
1.00000000e+04 1.41253754e+04 1.77827941e+06 2.51188643e+06 0.00000000e+00
1.00000000e+04 1.41253754e+04 2.51188643e+06 3.54813389e+06 0.00000000e+00
1.00000000e+04 1.41253754e+04 3.54813389e+06 5.01187234e+06 0.00000000e+00
1.00000000e+04 1.41253754e+04 5.01187234e+06 7.07945784e+06 0.00000000e+00
1.00000000e+04 1.41253754e+04 7.07945784e+06 1.00000000e+07 0.00000000e+00
1.41253754e+04 1.99526231e+04 1.00000000e+04 1.41253754e+04 3.63989389e-02
1.41253754e+04 1.99526231e+04 1.41253754e+04 1.99526231e+04 7.20432711e-01
1.41253754e+04 1.99526231e+04 1.99526231e+04 2.81838293e+04 2.37420006e-01
1.41253754e+04 1.99526231e+04 2.81838293e+04 3.98107171e+04 0.00000000e+00
1.41253754e+04 1.99526231e+04 3.98107171e+04 5.62341325e+04 5.74834380e-03
1.41253754e+04 1.99526231e+04 5.62341325e+04 7.94328235e+04 0.00000000e+00
1.41253754e+04 1.99526231e+04 7.94328235e+04 1.12201845e+05 0.00000000e+00
1.41253754e+04 1.99526231e+04 1.12201845e+05 1.58489319e+05 0.00000000e+00
1.41253754e+04 1.99526231e+04 1.58489319e+05 2.23872114e+05 0.00000000e+00
1.41253754e+04 1.99526231e+04 2.23872114e+05 3.16227766e+05 0.00000000e+00
1.41253754e+04 1.99526231e+04 3.16227766e+05 4.46683592e+05 0.00000000e+00
1.41253754e+04 1.99526231e+04 4.46683592e+05 6.30957344e+05 0.00000000e+00
1.41253754e+04 1.99526231e+04 6.30957344e+05 8.91250938e+05 0.00000000e+00
1.41253754e+04 1.99526231e+04 8.91250938e+05 1.25892541e+06 0.00000000e+00
1.41253754e+04 1.99526231e+04 1.25892541e+06 1.77827941e+06 0.00000000e+00
1.41253754e+04 1.99526231e+04 1.77827941e+06 2.51188643e+06 0.00000000e+00
1.41253754e+04 1.99526231e+04 2.51188643e+06 3.54813389e+06 0.00000000e+00
1.41253754e+04 1.99526231e+04 3.54813389e+06 5.01187234e+06 0.00000000e+00
1.41253754e+04 1.99526231e+04 5.01187234e+06 7.07945784e+06 0.00000000e+00
1.41253754e+04 1.99526231e+04 7.07945784e+06 1.00000000e+07 0.00000000e+00
1.99526231e+04 2.81838293e+04 1.00000000e+04 1.41253754e+04 0.00000000e+00
1.99526231e+04 2.81838293e+04 1.41253754e+04 1.99526231e+04 7.96449380e-02
1.99526231e+04 2.81838293e+04 1.99526231e+04 2.81838293e+04 7.51929468e-01
1.99526231e+04 2.81838293e+04 2.81838293e+04 3.98107171e+04 1.67223590e-01
1.99526231e+04 2.81838293e+04 3.98107171e+04 5.62341325e+04 1.20200476e-03
1.99526231e+04 2.81838293e+04 5.62341325e+04 7.94328235e+04 0.00000000e+00
1.99526231e+04 2.81838293e+04 7.94328235e+04 1.12201845e+05 0.00000000e+00
1.99526231e+04 2.81838293e+04 1.12201845e+05 1.58489319e+05 0.00000000e+00
1.99526231e+04 2.81838293e+04 1.58489319e+05 2.23872114e+05 0.00000000e+00
1.99526231e+04 2.81838293e+04 2.23872114e+05 3.16227766e+05 0.00000000e+00
1.99526231e+04 2.81838293e+04 3.16227766e+05 4.46683592e+05 0.00000000e+00
1.99526231e+04 2.81838293e+04 4.46683592e+05 6.30957344e+05 0.00000000e+00
1.99526231e+04 2.81838293e+04 6.30957344e+05 8.91250938e+05 0.00000000e+00
1.99526231e+04 2.81838293e+04 8.91250938e+05 1.25892541e+06 0.00000000e+00
1.99526231e+04 2.81838293e+04 1.25892541e+06 1.77827941e+06 0.00000000e+00
1.99526231e+04 2.81838293e+04 1.77827941e+06 2.51188643e+06 0.00000000e+00
1.99526231e+04 2.81838293e+04 2.51188643e+06 3.54813389e+06 0.00000000e+00
1.99526231e+04 2.81838293e+04 3.54813389e+06 5.01187234e+06 0.00000000e+00
1.99526231e+04 2.81838293e+04 5.01187234e+06 7.07945784e+06 0.00000000e+00
1.99526231e+04 2.81838293e+04 7.07945784e+06 1.00000000e+07 0.00000000e+00
2.81838293e+04 3.98107171e+04 1.00000000e+04 1.41253754e+04 8.72266513e-05
2.81838293e+04 3.98107171e+04 1.41253754e+04 1.99526231e+04 9.58751480e-03
2.81838293e+04 3.98107171e+04 1.99526231e+04 2.81838293e+04 1.78847238e-01
2.81838293e+04 3.98107171e+04 2.81838293e+04 3.98107171e+04 6.74297357e-01
2.81838293e+04 3.98107171e+04 3.98107171e+04 5.62341325e+04 1.36456045e-01
2.81838293e+04 3.98107171e+04 5.62341325e+04 7.94328235e+04 5.65840550e-04
2.81838293e+04 3.98107171e+04 7.94328235e+04 1.12201845e+05 1.58777462e-04
2.81838293e+04 3.98107171e+04 1.12201845e+05 1.58489319e+05 0.00000000e+00
2.81838293e+04 3.98107171e+04 1.58489319e+05 2.23872114e+05 0.00000000e+00
2.81838293e+04 3.98107171e+04 2.23872114e+05 3.16227766e+05 0.00000000e+00
2.81838293e+04 3.98107171e+04 3.16227766e+05 4.46683592e+05 0.00000000e+00
2.81838293e+04 3.98107171e+04 4.46683592e+05 6.30957344e+05 0.00000000e+00
2.81838293e+04 3.98107171e+04 6.30957344e+05 8.91250938e+05 0.00000000e+00
2.81838293e+04 3.98107171e+04 8.91250938e+05 1.25892541e+06 0.00000000e+00
2.81838293e+04 3.98107171e+04 1.25892541e+06 1.77827941e+06 0.00000000e+00
2.81838293e+04 3.98107171e+04 1.77827941e+06 2.51188643e+06 0.00000000e+00
2.81838293e+04 3.98107171e+04 2.51188643e+06 3.54813389e+06 0.00000000e+00
2.81838293e+04 3.98107171e+04 3.54813389e+06 5.01187234e+06 0.00000000e+00
2.81838293e+04 3.98107171e+04 5.01187234e+06 7.07945784e+06 0.00000000e+00
2.81838293e+04 3.98107171e+04 7.07945784e+06 1.00000000e+07 0.00000000e+00
3.98107171e+04 5.62341325e+04 1.00000000e+04 1.41253754e+04 2.10851146e-05
3.98107171e+04 5.62341325e+04 1.41253754e+04 1.99526231e+04 3.73634008e-03
3.98107171e+04 5.62341325e+04 1.99526231e+04 2.81838293e+04 3.75062346e-02
3.98107171e+04 5.62341325e+04 2.81838293e+04 3.98107171e+04 2.02376557e-01
3.98107171e+04 5.62341325e+04 3.98107171e+04 5.62341325e+04 6.18867850e-01
3.98107171e+04 5.62341325e+04 5.62341325e+04 7.94328235e+04 1.36967717e-01
3.98107171e+04 5.62341325e+04 7.94328235e+04 1.12201845e+05 2.94354102e-04
3.98107171e+04 5.62341325e+04 1.12201845e+05 1.58489319e+05 1.56352470e-04
3.98107171e+04 5.62341325e+04 1.58489319e+05 2.23872114e+05 7.35092429e-05
3.98107171e+04 5.62341325e+04 2.23872114e+05 3.16227766e+05 0.00000000e+00
3.98107171e+04 5.62341325e+04 3.16227766e+05 4.46683592e+05 0.00000000e+00
3.98107171e+04 5.62341325e+04 4.46683592e+05 6.30957344e+05 0.00000000e+00
3.98107171e+04 5.62341325e+04 6.30957344e+05 8.91250938e+05 0.00000000e+00
3.98107171e+04 5.62341325e+04 8.91250938e+05 1.25892541e+06 0.00000000e+00
3.98107171e+04 5.62341325e+04 1.25892541e+06 1.77827941e+06 0.00000000e+00
3.98107171e+04 5.62341325e+04 1.77827941e+06 2.51188643e+06 0.00000000e+00
3.98107171e+04 5.62341325e+04 2.51188643e+06 3.54813389e+06 0.00000000e+00
3.98107171e+04 5.62341325e+04 3.54813389e+06 5.01187234e+06 0.00000000e+00
3.98107171e+04 5.62341325e+04 5.01187234e+06 7.07945784e+06 0.00000000e+00
3.98107171e+04 5.62341325e+04 7.07945784e+06 1.00000000e+07 0.00000000e+00
5.62341325e+04 7.94328235e+04 1.00000000e+04 1.41253754e+04 4.02054796e-05
5.62341325e+04 7.94328235e+04 1.41253754e+04 1.99526231e+04 1.28434000e-03
5.62341325e+04 7.94328235e+04 1.99526231e+04 2.81838293e+04 1.23215868e-02
5.62341325e+04 7.94328235e+04 2.81838293e+04 3.98107171e+04 5.54598574e-02
5.62341325e+04 7.94328235e+04 3.98107171e+04 5.62341325e+04 2.03656171e-01
5.62341325e+04 7.94328235e+04 5.62341325e+04 7.94328235e+04 6.03501555e-01
5.62341325e+04 7.94328235e+04 7.94328235e+04 1.12201845e+05 1.23163288e-01
5.62341325e+04 7.94328235e+04 1.12201845e+05 1.58489319e+05 4.11722689e-04
5.62341325e+04 7.94328235e+04 1.58489319e+05 2.23872114e+05 7.41850957e-05
5.62341325e+04 7.94328235e+04 2.23872114e+05 3.16227766e+05 8.70878721e-05
5.62341325e+04 7.94328235e+04 3.16227766e+05 4.46683592e+05 0.00000000e+00
5.62341325e+04 7.94328235e+04 4.46683592e+05 6.30957344e+05 0.00000000e+00
5.62341325e+04 7.94328235e+04 6.30957344e+05 8.91250938e+05 0.00000000e+00
5.62341325e+04 7.94328235e+04 8.91250938e+05 1.25892541e+06 0.00000000e+00
5.62341325e+04 7.94328235e+04 1.25892541e+06 1.77827941e+06 0.00000000e+00
5.62341325e+04 7.94328235e+04 1.77827941e+06 2.51188643e+06 0.00000000e+00
5.62341325e+04 7.94328235e+04 2.51188643e+06 3.54813389e+06 0.00000000e+00
5.62341325e+04 7.94328235e+04 3.54813389e+06 5.01187234e+06 0.00000000e+00
5.62341325e+04 7.94328235e+04 5.01187234e+06 7.07945784e+06 0.00000000e+00
5.62341325e+04 7.94328235e+04 7.07945784e+06 1.00000000e+07 0.00000000e+00
7.94328235e+04 1.12201845e+05 1.00000000e+04 1.41253754e+04 6.09380962e-05
7.94328235e+04 1.12201845e+05 1.41253754e+04 1.99526231e+04 3.53048835e-04
7.94328235e+04 1.12201845e+05 1.99526231e+04 2.81838293e+04 5.41840567e-03
7.94328235e+04 1.12201845e+05 2.81838293e+04 3.98107171e+04 2.08825555e-02
7.94328235e+04 1.12201845e+05 3.98107171e+04 5.62341325e+04 6.98826513e-02
7.94328235e+04 1.12201845e+05 5.62341325e+04 7.94328235e+04 2.35105578e-01
7.94328235e+04 1.12201845e+05 7.94328235e+04 1.12201845e+05 5.54367636e-01
7.94328235e+04 1.12201845e+05 1.12201845e+05 1.58489319e+05 1.13488103e-01
7.94328235e+04 1.12201845e+05 1.58489319e+05 2.23872114e+05 3.98832116e-04
7.94328235e+04 1.12201845e+05 2.23872114e+05 3.16227766e+05 2.37757682e-05
7.94328235e+04 1.12201845e+05 3.16227766e+05 4.46683592e+05 1.34306558e-05
7.94328235e+04 1.12201845e+05 4.46683592e+05 6.30957344e+05 5.04487788e-06
7.94328235e+04 1.12201845e+05 6.30957344e+05 8.91250938e+05 0.00000000e+00
7.94328235e+04 1.12201845e+05 8.91250938e+05 1.25892541e+06 0.00000000e+00
7.94328235e+04 1.12201845e+05 1.25892541e+06 1.77827941e+06 0.00000000e+00
7.94328235e+04 1.12201845e+05 1.77827941e+06 2.51188643e+06 0.00000000e+00
7.94328235e+04 1.12201845e+05 2.51188643e+06 3.54813389e+06 0.00000000e+00
7.94328235e+04 1.12201845e+05 3.54813389e+06 5.01187234e+06 0.00000000e+00
7.94328235e+04 1.12201845e+05 5.01187234e+06 7.07945784e+06 0.00000000e+00
7.94328235e+04 1.12201845e+05 7.07945784e+06 1.00000000e+07 0.00000000e+00
1.12201845e+05 1.58489319e+05 1.00000000e+04 1.41253754e+04 1.14623236e-04
1.12201845e+05 1.58489319e+05 1.41253754e+04 1.99526231e+04 3.42585162e-04
1.12201845e+05 1.58489319e+05 1.99526231e+04 2.81838293e+04 3.22896679e-03
1.12201845e+05 1.58489319e+05 2.81838293e+04 3.98107171e+04 1.21374217e-02
1.12201845e+05 1.58489319e+05 3.98107171e+04 5.62341325e+04 3.81085862e-02
1.12201845e+05 1.58489319e+05 5.62341325e+04 7.94328235e+04 9.87510700e-02
1.12201845e+05 1.58489319e+05 7.94328235e+04 1.12201845e+05 2.39058189e-01
1.12201845e+05 1.58489319e+05 1.12201845e+05 1.58489319e+05 5.12767861e-01
1.12201845e+05 1.58489319e+05 1.58489319e+05 2.23872114e+05 9.46680567e-02
1.12201845e+05 1.58489319e+05 2.23872114e+05 3.16227766e+05 6.89522694e-04
1.12201845e+05 1.58489319e+05 3.16227766e+05 4.46683592e+05 1.00146192e-04
1.12201845e+05 1.58489319e+05 4.46683592e+05 6.30957344e+05 2.83941765e-05
1.12201845e+05 1.58489319e+05 6.30957344e+05 8.91250938e+05 0.00000000e+00
1.12201845e+05 1.58489319e+05 8.91250938e+05 1.25892541e+06 4.57726835e-06
1.12201845e+05 1.58489319e+05 1.25892541e+06 1.77827941e+06 0.00000000e+00
1.12201845e+05 1.58489319e+05 1.77827941e+06 2.51188643e+06 0.00000000e+00
1.12201845e+05 1.58489319e+05 2.51188643e+06 3.54813389e+06 0.00000000e+00
1.12201845e+05 1.58489319e+05 3.54813389e+06 5.01187234e+06 0.00000000e+00
1.12201845e+05 1.58489319e+05 5.01187234e+06 7.07945784e+06 0.00000000e+00
1.12201845e+05 1.58489319e+05 7.07945784e+06 1.00000000e+07 0.00000000e+00
1.58489319e+05 2.23872114e+05 1.00000000e+04 1.41253754e+04 2.23329345e-04
1.58489319e+05 2.23872114e+05 1.41253754e+04 1.99526231e+04 4.78299206e-04
1.58489319e+05 2.23872114e+05 1.99526231e+04 2.81838293e+04 2.25416813e-03
1.58489319e+05 2.23872114e+05 2.81838293e+04 3.98107171e+04 9.64275994e-03
1.58489319e+05 2.23872114e+05 3.98107171e+04 5.62341325e+04 2.45967275e-02
1.58489319e+05 2.23872114e+05 5.62341325e+04 7.94328235e+04 6.70511872e-02
1.58489319e+05 2.23872114e+05 7.94328235e+04 1.12201845e+05 1.28292585e-01
1.58489319e+05 2.23872114e+05 1.12201845e+05 1.58489319e+05 2.44348170e-01
1.58489319e+05 2.23872114e+05 1.58489319e+05 2.23872114e+05 4.38688917e-01
1.58489319e+05 2.23872114e+05 2.23872114e+05 3.16227766e+05 8.33418753e-02
1.58489319e+05 2.23872114e+05 3.16227766e+05 4.46683592e+05 9.12621343e-04
1.58489319e+05 2.23872114e+05 4.46683592e+05 6.30957344e+05 1.28256588e-04
1.58489319e+05 2.23872114e+05 6.30957344e+05 8.91250938e+05 3.35753468e-05
1.58489319e+05 2.23872114e+05 8.91250938e+05 1.25892541e+06 7.52818007e-06
1.58489319e+05 2.23872114e+05 1.25892541e+06 1.77827941e+06 0.00000000e+00
1.58489319e+05 2.23872114e+05 1.77827941e+06 2.51188643e+06 0.00000000e+00
1.58489319e+05 2.23872114e+05 2.51188643e+06 3.54813389e+06 0.00000000e+00
1.58489319e+05 2.23872114e+05 3.54813389e+06 5.01187234e+06 0.00000000e+00
1.58489319e+05 2.23872114e+05 5.01187234e+06 7.07945784e+06 0.00000000e+00
1.58489319e+05 2.23872114e+05 7.07945784e+06 1.00000000e+07 0.00000000e+00
2.23872114e+05 3.16227766e+05 1.00000000e+04 1.41253754e+04 2.06067869e-04
2.23872114e+05 3.16227766e+05 1.41253754e+04 1.99526231e+04 4.13374457e-04
2.23872114e+05 3.16227766e+05 1.99526231e+04 2.81838293e+04 1.90126118e-03
2.23872114e+05 3.16227766e+05 2.81838293e+04 3.98107171e+04 6.81735411e-03
2.23872114e+05 3.16227766e+05 3.98107171e+04 5.62341325e+04 1.79401240e-02
2.23872114e+05 3.16227766e+05 5.62341325e+04 7.94328235e+04 4.56586244e-02
2.23872114e+05 3.16227766e+05 7.94328235e+04 1.12201845e+05 8.89097774e-02
2.23872114e+05 3.16227766e+05 1.12201845e+05 1.58489319e+05 1.38589877e-01
2.23872114e+05 3.16227766e+05 1.58489319e+05 2.23872114e+05 2.23123744e-01
2.23872114e+05 3.16227766e+05 2.23872114e+05 3.16227766e+05 3.94318818e-01
2.23872114e+05 3.16227766e+05 3.16227766e+05 4.46683592e+05 8.07310888e-02
2.23872114e+05 3.16227766e+05 4.46683592e+05 6.30957344e+05 1.16223169e-03
2.23872114e+05 3.16227766e+05 6.30957344e+05 8.91250938e+05 1.62781079e-04
2.23872114e+05 3.16227766e+05 8.91250938e+05 1.25892541e+06 5.53938884e-05
2.23872114e+05 3.16227766e+05 1.25892541e+06 1.77827941e+06 9.48201049e-06
2.23872114e+05 3.16227766e+05 1.77827941e+06 2.51188643e+06 0.00000000e+00
2.23872114e+05 3.16227766e+05 2.51188643e+06 3.54813389e+06 0.00000000e+00
2.23872114e+05 3.16227766e+05 3.54813389e+06 5.01187234e+06 0.00000000e+00
2.23872114e+05 3.16227766e+05 5.01187234e+06 7.07945784e+06 0.00000000e+00
2.23872114e+05 3.16227766e+05 7.07945784e+06 1.00000000e+07 0.00000000e+00
3.16227766e+05 4.46683592e+05 1.00000000e+04 1.41253754e+04 2.02557579e-04
3.16227766e+05 4.46683592e+05 1.41253754e+04 1.99526231e+04 4.04845577e-04
3.16227766e+05 4.46683592e+05 1.99526231e+04 2.81838293e+04 1.36346264e-03
3.16227766e+05 4.46683592e+05 2.81838293e+04 3.98107171e+04 5.26976126e-03
3.16227766e+05 4.46683592e+05 3.98107171e+04 5.62341325e+04 1.29527688e-02
3.16227766e+05 4.46683592e+05 5.62341325e+04 7.94328235e+04 3.37744093e-02
3.16227766e+05 4.46683592e+05 7.94328235e+04 1.12201845e+05 6.70266838e-02
3.16227766e+05 4.46683592e+05 1.12201845e+05 1.58489319e+05 9.93924812e-02
3.16227766e+05 4.46683592e+05 1.58489319e+05 2.23872114e+05 1.27550461e-01
3.16227766e+05 4.46683592e+05 2.23872114e+05 3.16227766e+05 2.08953446e-01
3.16227766e+05 4.46683592e+05 3.16227766e+05 4.46683592e+05 3.62780574e-01
3.16227766e+05 4.46683592e+05 4.46683592e+05 6.30957344e+05 7.90748161e-02
3.16227766e+05 4.46683592e+05 6.30957344e+05 8.91250938e+05 9.90793441e-04
3.16227766e+05 4.46683592e+05 8.91250938e+05 1.25892541e+06 2.07701690e-04
3.16227766e+05 4.46683592e+05 1.25892541e+06 1.77827941e+06 4.57321077e-05
3.16227766e+05 4.46683592e+05 1.77827941e+06 2.51188643e+06 9.50550760e-06
3.16227766e+05 4.46683592e+05 2.51188643e+06 3.54813389e+06 0.00000000e+00
3.16227766e+05 4.46683592e+05 3.54813389e+06 5.01187234e+06 0.00000000e+00
3.16227766e+05 4.46683592e+05 5.01187234e+06 7.07945784e+06 0.00000000e+00
3.16227766e+05 4.46683592e+05 7.07945784e+06 1.00000000e+07 0.00000000e+00
4.46683592e+05 6.30957344e+05 1.00000000e+04 1.41253754e+04 9.39903198e-05
4.46683592e+05 6.30957344e+05 1.41253754e+04 1.99526231e+04 4.54367387e-04
4.46683592e+05 6.30957344e+05 1.99526231e+04 2.81838293e+04 1.36891090e-03
4.46683592e+05 6.30957344e+05 2.81838293e+04 3.98107171e+04 3.08089821e-03
4.46683592e+05 6.30957344e+05 3.98107171e+04 5.62341325e+04 9.24103226e-03
4.46683592e+05 6.30957344e+05 5.62341325e+04 7.94328235e+04 2.80036928e-02
4.46683592e+05 6.30957344e+05 7.94328235e+04 1.12201845e+05 5.06561372e-02
4.46683592e+05 6.30957344e+05 1.12201845e+05 1.58489319e+05 7.90859091e-02
4.46683592e+05 6.30957344e+05 1.58489319e+05 2.23872114e+05 1.01709188e-01
4.46683592e+05 6.30957344e+05 2.23872114e+05 3.16227766e+05 1.22248582e-01
4.46683592e+05 6.30957344e+05 3.16227766e+05 4.46683592e+05 1.90840726e-01
4.46683592e+05 6.30957344e+05 4.46683592e+05 6.30957344e+05 3.38700036e-01
4.46683592e+05 6.30957344e+05 6.30957344e+05 8.91250938e+05 7.28358553e-02
4.46683592e+05 6.30957344e+05 8.91250938e+05 1.25892541e+06 1.33786774e-03
4.46683592e+05 6.30957344e+05 1.25892541e+06 1.77827941e+06 2.59042515e-04
4.46683592e+05 6.30957344e+05 1.77827941e+06 2.51188643e+06 6.32004524e-05
4.46683592e+05 6.30957344e+05 2.51188643e+06 3.54813389e+06 1.25136997e-05
4.46683592e+05 6.30957344e+05 3.54813389e+06 5.01187234e+06 8.05021876e-06
4.46683592e+05 6.30957344e+05 5.01187234e+06 7.07945784e+06 0.00000000e+00
4.46683592e+05 6.30957344e+05 7.07945784e+06 1.00000000e+07 0.00000000e+00
6.30957344e+05 8.91250938e+05 1.00000000e+04 1.41253754e+04 1.88247204e-04
6.30957344e+05 8.91250938e+05 1.41253754e+04 1.99526231e+04 4.56603068e-04
6.30957344e+05 8.91250938e+05 1.99526231e+04 2.81838293e+04 8.56525736e-04
6.30957344e+05 8.91250938e+05 2.81838293e+04 3.98107171e+04 3.68029100e-03
6.30957344e+05 8.91250938e+05 3.98107171e+04 5.62341325e+04 7.25308908e-03
6.30957344e+05 8.91250938e+05 5.62341325e+04 7.94328235e+04 1.98878318e-02
6.30957344e+05 8.91250938e+05 7.94328235e+04 1.12201845e+05 3.82458018e-02
6.30957344e+05 8.91250938e+05 1.12201845e+05 1.58489319e+05 6.12118309e-02
6.30957344e+05 8.91250938e+05 1.58489319e+05 2.23872114e+05 8.38000313e-02
6.30957344e+05 8.91250938e+05 2.23872114e+05 3.16227766e+05 9.65691016e-02
6.30957344e+05 8.91250938e+05 3.16227766e+05 4.46683592e+05 1.20823737e-01
6.30957344e+05 8.91250938e+05 4.46683592e+05 6.30957344e+05 1.79660103e-01
6.30957344e+05 8.91250938e+05 6.30957344e+05 8.91250938e+05 3.15477778e-01
6.30957344e+05 8.91250938e+05 8.91250938e+05 1.25892541e+06 7.03431507e-02
6.30957344e+05 8.91250938e+05 1.25892541e+06 1.77827941e+06 1.26603564e-03
6.30957344e+05 8.91250938e+05 1.77827941e+06 2.51188643e+06 1.81864100e-04
6.30957344e+05 8.91250938e+05 2.51188643e+06 3.54813389e+06 2.67196730e-05
6.30957344e+05 8.91250938e+05 3.54813389e+06 5.01187234e+06 5.84299645e-05
6.30957344e+05 8.91250938e+05 5.01187234e+06 7.07945784e+06 1.28290368e-05
6.30957344e+05 8.91250938e+05 7.07945784e+06 1.00000000e+07 0.00000000e+00
8.91250938e+05 1.25892541e+06 1.00000000e+04 1.41253754e+04 3.04051549e-04
8.91250938e+05 1.25892541e+06 1.41253754e+04 1.99526231e+04 3.98814483e-04
8.91250938e+05 1.25892541e+06 1.99526231e+04 2.81838293e+04 1.26245257e-03
8.91250938e+05 1.25892541e+06 2.81838293e+04 3.98107171e+04 2.98070754e-03
8.91250938e+05 1.25892541e+06 3.98107171e+04 5.62341325e+04 6.07161543e-03
8.91250938e+05 1.25892541e+06 5.62341325e+04 7.94328235e+04 1.53944496e-02
8.91250938e+05 1.25892541e+06 7.94328235e+04 1.12201845e+05 2.85728263e-02
8.91250938e+05 1.25892541e+06 1.12201845e+05 1.58489319e+05 4.95211448e-02
8.91250938e+05 1.25892541e+06 1.58489319e+05 2.23872114e+05 6.50750912e-02
8.91250938e+05 1.25892541e+06 2.23872114e+05 3.16227766e+05 8.20203504e-02
8.91250938e+05 1.25892541e+06 3.16227766e+05 4.46683592e+05 9.50157200e-02
8.91250938e+05 1.25892541e+06 4.46683592e+05 6.30957344e+05 1.11571135e-01
8.91250938e+05 1.25892541e+06 6.30957344e+05 8.91250938e+05 1.75173689e-01
8.91250938e+05 1.25892541e+06 8.91250938e+05 1.25892541e+06 3.03348413e-01
8.91250938e+05 1.25892541e+06 1.25892541e+06 1.77827941e+06 6.14239194e-02
8.91250938e+05 1.25892541e+06 1.77827941e+06 2.51188643e+06 1.58188983e-03
8.91250938e+05 1.25892541e+06 2.51188643e+06 3.54813389e+06 2.28731262e-04
8.91250938e+05 1.25892541e+06 3.54813389e+06 5.01187234e+06 4.55473743e-05
8.91250938e+05 1.25892541e+06 5.01187234e+06 7.07945784e+06 9.45177106e-06
8.91250938e+05 1.25892541e+06 7.07945784e+06 1.00000000e+07 0.00000000e+00
1.25892541e+06 1.77827941e+06 1.00000000e+04 1.41253754e+04 3.08808783e-04
1.25892541e+06 1.77827941e+06 1.41253754e+04 1.99526231e+04 3.76698115e-04
1.25892541e+06 1.77827941e+06 1.99526231e+04 2.81838293e+04 8.56420393e-04
1.25892541e+06 1.77827941e+06 2.81838293e+04 3.98107171e+04 2.41722419e-03
1.25892541e+06 1.77827941e+06 3.98107171e+04 5.62341325e+04 5.19164692e-03
1.25892541e+06 1.77827941e+06 5.62341325e+04 7.94328235e+04 1.21539870e-02
1.25892541e+06 1.77827941e+06 7.94328235e+04 1.12201845e+05 2.51579410e-02
1.25892541e+06 1.77827941e+06 1.12201845e+05 1.58489319e+05 3.68375309e-02
1.25892541e+06 1.77827941e+06 1.58489319e+05 2.23872114e+05 4.83251966e-02
1.25892541e+06 1.77827941e+06 2.23872114e+05 3.16227766e+05 6.68709535e-02
1.25892541e+06 1.77827941e+06 3.16227766e+05 4.46683592e+05 8.46875689e-02
1.25892541e+06 1.77827941e+06 4.46683592e+05 6.30957344e+05 9.14529013e-02
1.25892541e+06 1.77827941e+06 6.30957344e+05 8.91250938e+05 1.08245817e-01
1.25892541e+06 1.77827941e+06 8.91250938e+05 1.25892541e+06 1.58960469e-01
1.25892541e+06 1.77827941e+06 1.25892541e+06 1.77827941e+06 2.91592287e-01
1.25892541e+06 1.77827941e+06 1.77827941e+06 2.51188643e+06 6.46301693e-02
1.25892541e+06 1.77827941e+06 2.51188643e+06 3.54813389e+06 1.65572782e-03
1.25892541e+06 1.77827941e+06 3.54813389e+06 5.01187234e+06 1.32082225e-04
1.25892541e+06 1.77827941e+06 5.01187234e+06 7.07945784e+06 1.18083039e-04
1.25892541e+06 1.77827941e+06 7.07945784e+06 1.00000000e+07 2.84870192e-05
1.77827941e+06 2.51188643e+06 1.00000000e+04 1.41253754e+04 4.29536051e-04
1.77827941e+06 2.51188643e+06 1.41253754e+04 1.99526231e+04 6.98841841e-05
1.77827941e+06 2.51188643e+06 1.99526231e+04 2.81838293e+04 5.21741340e-04
1.77827941e+06 2.51188643e+06 2.81838293e+04 3.98107171e+04 1.93584988e-03
1.77827941e+06 2.51188643e+06 3.98107171e+04 5.62341325e+04 4.58222164e-03
1.77827941e+06 2.51188643e+06 5.62341325e+04 7.94328235e+04 9.93558422e-03
1.77827941e+06 2.51188643e+06 7.94328235e+04 1.12201845e+05 1.91645932e-02
1.77827941e+06 2.51188643e+06 1.12201845e+05 1.58489319e+05 3.15907824e-02
1.77827941e+06 2.51188643e+06 1.58489319e+05 2.23872114e+05 4.15501182e-02
1.77827941e+06 2.51188643e+06 2.23872114e+05 3.16227766e+05 5.16651736e-02
1.77827941e+06 2.51188643e+06 3.16227766e+05 4.46683592e+05 5.93886727e-02
1.77827941e+06 2.51188643e+06 4.46683592e+05 6.30957344e+05 7.68507788e-02
1.77827941e+06 2.51188643e+06 6.30957344e+05 8.91250938e+05 8.33888959e-02
1.77827941e+06 2.51188643e+06 8.91250938e+05 1.25892541e+06 1.01341560e-01
1.77827941e+06 2.51188643e+06 1.25892541e+06 1.77827941e+06 1.60527812e-01
1.77827941e+06 2.51188643e+06 1.77827941e+06 2.51188643e+06 2.93407619e-01
1.77827941e+06 2.51188643e+06 2.51188643e+06 3.54813389e+06 6.18604165e-02
1.77827941e+06 2.51188643e+06 3.54813389e+06 5.01187234e+06 1.46320080e-03
1.77827941e+06 2.51188643e+06 5.01187234e+06 7.07945784e+06 2.83759003e-04
1.77827941e+06 2.51188643e+06 7.07945784e+06 1.00000000e+07 4.18011413e-05
2.51188643e+06 3.54813389e+06 1.00000000e+04 1.41253754e+04 2.35140262e-04
2.51188643e+06 3.54813389e+06 1.41253754e+04 1.99526231e+04 1.13977065e-03
2.51188643e+06 3.54813389e+06 1.99526231e+04 2.81838293e+04 8.96047927e-04
2.51188643e+06 3.54813389e+06 2.81838293e+04 3.98107171e+04 1.87298981e-03
2.51188643e+06 3.54813389e+06 3.98107171e+04 5.62341325e+04 5.62091430e-03
2.51188643e+06 3.54813389e+06 5.62341325e+04 7.94328235e+04 8.13401109e-03
2.51188643e+06 3.54813389e+06 7.94328235e+04 1.12201845e+05 1.32154474e-02
2.51188643e+06 3.54813389e+06 1.12201845e+05 1.58489319e+05 2.33449963e-02
2.51188643e+06 3.54813389e+06 1.58489319e+05 2.23872114e+05 3.09377759e-02
2.51188643e+06 3.54813389e+06 2.23872114e+05 3.16227766e+05 3.58311666e-02
2.51188643e+06 3.54813389e+06 3.16227766e+05 4.46683592e+05 5.38556637e-02
2.51188643e+06 3.54813389e+06 4.46683592e+05 6.30957344e+05 6.45739708e-02
2.51188643e+06 3.54813389e+06 6.30957344e+05 8.91250938e+05 7.58725195e-02
2.51188643e+06 3.54813389e+06 8.91250938e+05 1.25892541e+06 8.72882090e-02
2.51188643e+06 3.54813389e+06 1.25892541e+06 1.77827941e+06 1.02319246e-01
2.51188643e+06 3.54813389e+06 1.77827941e+06 2.51188643e+06 1.44454109e-01
2.51188643e+06 3.54813389e+06 2.51188643e+06 3.54813389e+06 2.80888925e-01
2.51188643e+06 3.54813389e+06 3.54813389e+06 5.01187234e+06 6.73347319e-02
2.51188643e+06 3.54813389e+06 5.01187234e+06 7.07945784e+06 1.86927171e-03
2.51188643e+06 3.54813389e+06 7.07945784e+06 1.00000000e+07 3.15092924e-04
3.54813389e+06 5.01187234e+06 1.00000000e+04 1.41253754e+04 4.56617460e-04
3.54813389e+06 5.01187234e+06 1.41253754e+04 1.99526231e+04 1.07369314e-03
3.54813389e+06 5.01187234e+06 1.99526231e+04 2.81838293e+04 1.10165215e-03
3.54813389e+06 5.01187234e+06 2.81838293e+04 3.98107171e+04 1.64119617e-03
3.54813389e+06 5.01187234e+06 3.98107171e+04 5.62341325e+04 4.33204682e-03
3.54813389e+06 5.01187234e+06 5.62341325e+04 7.94328235e+04 1.00376819e-02
3.54813389e+06 5.01187234e+06 7.94328235e+04 1.12201845e+05 1.08682245e-02
3.54813389e+06 5.01187234e+06 1.12201845e+05 1.58489319e+05 2.10929674e-02
3.54813389e+06 5.01187234e+06 1.58489319e+05 2.23872114e+05 2.57257578e-02
3.54813389e+06 5.01187234e+06 2.23872114e+05 3.16227766e+05 3.49038671e-02
3.54813389e+06 5.01187234e+06 3.16227766e+05 4.46683592e+05 4.07600011e-02
3.54813389e+06 5.01187234e+06 4.46683592e+05 6.30957344e+05 4.84912901e-02
3.54813389e+06 5.01187234e+06 6.30957344e+05 8.91250938e+05 5.97955041e-02
3.54813389e+06 5.01187234e+06 8.91250938e+05 1.25892541e+06 7.53036431e-02
3.54813389e+06 5.01187234e+06 1.25892541e+06 1.77827941e+06 7.92107279e-02
3.54813389e+06 5.01187234e+06 1.77827941e+06 2.51188643e+06 9.60384413e-02
3.54813389e+06 5.01187234e+06 2.51188643e+06 3.54813389e+06 1.36673957e-01
3.54813389e+06 5.01187234e+06 3.54813389e+06 5.01187234e+06 2.85011888e-01
3.54813389e+06 5.01187234e+06 5.01187234e+06 7.07945784e+06 6.50267953e-02
3.54813389e+06 5.01187234e+06 7.07945784e+06 1.00000000e+07 2.45404847e-03
5.01187234e+06 7.07945784e+06 1.00000000e+04 1.41253754e+04 5.44448562e-04
5.01187234e+06 7.07945784e+06 1.41253754e+04 1.99526231e+04 7.95279950e-04
5.01187234e+06 7.07945784e+06 1.99526231e+04 2.81838293e+04 3.09482119e-04
5.01187234e+06 7.07945784e+06 2.81838293e+04 3.98107171e+04 1.34068151e-03
5.01187234e+06 7.07945784e+06 3.98107171e+04 5.62341325e+04 5.78584469e-03
5.01187234e+06 7.07945784e+06 5.62341325e+04 7.94328235e+04 6.96275497e-03
5.01187234e+06 7.07945784e+06 7.94328235e+04 1.12201845e+05 9.02658609e-03
5.01187234e+06 7.07945784e+06 1.12201845e+05 1.58489319e+05 2.15136720e-02
5.01187234e+06 7.07945784e+06 1.58489319e+05 2.23872114e+05 1.66484195e-02
5.01187234e+06 7.07945784e+06 2.23872114e+05 3.16227766e+05 2.77526452e-02
5.01187234e+06 7.07945784e+06 3.16227766e+05 4.46683592e+05 3.06628417e-02
5.01187234e+06 7.07945784e+06 4.46683592e+05 6.30957344e+05 3.15324479e-02
5.01187234e+06 7.07945784e+06 6.30957344e+05 8.91250938e+05 3.67219657e-02
5.01187234e+06 7.07945784e+06 8.91250938e+05 1.25892541e+06 3.23478724e-02
5.01187234e+06 7.07945784e+06 1.25892541e+06 1.77827941e+06 4.32392672e-02
5.01187234e+06 7.07945784e+06 1.77827941e+06 2.51188643e+06 5.20725452e-02
5.01187234e+06 7.07945784e+06 2.51188643e+06 3.54813389e+06 3.60406625e-02
5.01187234e+06 7.07945784e+06 3.54813389e+06 5.01187234e+06 7.11800475e-02
5.01187234e+06 7.07945784e+06 5.01187234e+06 7.07945784e+06 4.75832340e-01
5.01187234e+06 7.07945784e+06 7.07945784e+06 1.00000000e+07 9.96901953e-02
7.07945784e+06 1.00000000e+07 1.00000000e+04 1.41253754e+04 4.46225587e-04
7.07945784e+06 1.00000000e+07 1.41253754e+04 1.99526231e+04 5.59062033e-04
7.07945784e+06 1.00000000e+07 1.99526231e+04 2.81838293e+04 7.64480909e-04
7.07945784e+06 1.00000000e+07 2.81838293e+04 3.98107171e+04 1.48357221e-03
7.07945784e+06 1.00000000e+07 3.98107171e+04 5.62341325e+04 2.89373274e-03
7.07945784e+06 1.00000000e+07 5.62341325e+04 7.94328235e+04 4.95536932e-03
7.07945784e+06 1.00000000e+07 7.94328235e+04 1.12201845e+05 9.68730086e-03
7.07945784e+06 1.00000000e+07 1.12201845e+05 1.58489319e+05 1.41929070e-02
7.07945784e+06 1.00000000e+07 1.58489319e+05 2.23872114e+05 1.96955820e-02
7.07945784e+06 1.00000000e+07 2.23872114e+05 3.16227766e+05 2.66978952e-02
7.07945784e+06 1.00000000e+07 3.16227766e+05 4.46683592e+05 3.02461791e-02
7.07945784e+06 1.00000000e+07 4.46683592e+05 6.30957344e+05 4.10918786e-02
7.07945784e+06 1.00000000e+07 6.30957344e+05 8.91250938e+05 4.81502831e-02
7.07945784e+06 1.00000000e+07 8.91250938e+05 1.25892541e+06 5.83504403e-02
7.07945784e+06 1.00000000e+07 1.25892541e+06 1.77827941e+06 6.99441881e-02
7.07945784e+06 1.00000000e+07 1.77827941e+06 2.51188643e+06 7.27785144e-02
7.07945784e+06 1.00000000e+07 2.51188643e+06 3.54813389e+06 7.85552731e-02
7.07945784e+06 1.00000000e+07 3.54813389e+06 5.01187234e+06 8.79366707e-02
7.07945784e+06 1.00000000e+07 5.01187234e+06 7.07945784e+06 1.44651229e-01
7.07945784e+06 1.00000000e+07 7.07945784e+06 1.00000000e+07 2.86919216e-01
